41.7245 -136.597 18.8891
25.0254 70.3084 -215.33
-160.261 12.9413 -183.241
-72.7625 -103.392 -42.8022
-148.437 -88.9901 86.5413
72.1274 -40.0658 -7.43174
-237.709 -51.5631 -287.83
-197.196 -239.458 27.3201
-231.679 -133.973 -242.434
-250.827 105.219 -207.048
-89.1776 41.2943 -49.2946
-175.938 -39.3296 -84.6356
-96.9172 94.7594 -177.344
14.1925 -83.6525 13.615
-134.259 62.2612 -181.025
-153.367 28.7393 73.26
-266.448 85.3802 -83.9524
-259.928 -217.465 -29.0597
61.7425 -154.793 -268.682
-286.341 -111.27 -269.112
-199.038 93.903 66.5327
46.0173 -187.684 -78.4464
-144.268 9.74873 -89.3363
-27.261 -81.7079 -278.638
-119.295 78.3834 77.9733
-5.96967 -180.633 1.06314
-38.359 -152.731 -19.206
-227.961 -118.309 57.6795
37.3299 -162.216 -202.763
62.9983 -154.206 -19.6826
88.2367 -58.8945 -31.4289
49.1199 -118.527 75.2374
-134.976 31.5561 -20.6631
70.0382 -101.354 -208.02
85.7504 73.7007 -235.286
58.0742 -37.9183 -121.569
-46.5119 -181.927 20.0503
-171.367 -115.537 -203.908
-219.337 -183.857 -71.7729
-127.75 -226.508 68.371
-253.082 -243.92 -96.1729
9.83955 99.55 79.6511
-20.5726 -141.075 5.55788
-146.885 -176.686 -201.446
-60.5551 -196.585 -233.394
-1.49114 -244.16 23.0376
-228.71 3.67799 -264.539
85.691 -273.339 -85.7252
-223.866 -198.325 24.7686
-1.2888 -31.7251 92.6115
-38.5672 9.5434 -256.958
-240.389 -86.2664 -263.058
-266.388 -212.488 -109.782
33.5203 -65.0231 7.88177
-273.575 -231.228 105.647
-212.619 61.6317 -244.163
104.769 -272.727 53.8654
-265.419 -292.686 74.8771
-56.7938 -222.202 -229.098
-137.674 70.86 33.5275
-150.712 -73.3565 -62.5785
-113.32 -19.3956 -254.494
-82.0273 8.56696 -172.632
102.541 -63.5621 56.6949
4.77319 -42.7865 -280.182
4.77063 38.9448 75.8
54.958 38.0644 97.423
3.17395 66.996 99.0877
-27.5984 -95.4471 -228.763
37.6542 61.2289 -263.553
-34.4678 -195.133 -42.5586
-202.696 -14.1025 -167.604
-162.84 -201.779 -264.686
-41.1216 -204.888 -33.8976
-90.0762 94.2356 -182.334
-75.9078 -6.64312 -249.038
-105.757 -57.3345 83.3766
-113.983 -159.81 44.7232
-120.545 -293.058 -156.373
-54.958 38.9467 -200.794
-24.1602 -101.17 -101.576
-172.368 -9.51563 -221.328
-45.6214 -278.005 -128.757
-15.9571 -24.776 -39.2945
-155.504 -220.501 -50.7081
-43.4874 -2.05882 -163.001
1.82484 -213.465 74.0151
-20.4479 -33.0984 -191.444
-81.3741 -259.293 -190.152
56.603 -19.9006 -256.854
-249.84 -149.71 -63.6743
-57.0659 -27.7279 -178.839
15.9563 -178.999 -162.494
-218.45 99.3947 -292.919
36.6059 -161.759 -219.07
-119.752 89.1041 73.2216
11.598 -14.7204 -245.893
-20.0363 -140.818 15.3587
82.8699 72.1586 50.4163
-212.931 23.1122 -75.1337
-175.435 67.6224 69.5066
55.241 -95.0929 -63.8707
-229.248 -184.786 51.481
-97.391 -108.886 45.2263
-95.9596 -177.929 -222.182
-20.6792 -3.33044 -238.727
-53.107 -97.3819 40.9027
-4.6497 -223.067 -205.564
-94.9403 -245.847 -239.055
-150.173 -164.428 78.4075
69.0432 -45.5123 40.3805
32.9004 -95.9207 -160.362
-136.62 -30.8181 -50.7974
-190.788 -233.858 -265.332
-251.211 -35.4676 -148.911
-179.043 -161.796 -257.891
-123.419 79.4472 -60.9224
-188.166 -30.8519 10.3606
-99.3797 -231.442 58.8641
-44.0844 -87.2646 -211.213
-71.3264 -123.871 37.6251
-136.595 -196.62 -163.945
-2.60653 -38.8888 99.5871
-159.053 64.6735 -239.921
-130.035 -292.187 18.9623
15.4039 -176.879 -248.483
51.8634 -5.94823 -274.685
-114.708 100.236 -11.1869
-209.997 -104.793 51.7219
-256.783 -254.527 -141.192
-173.645 -31.5025 29.2876
-241.67 -273.747 -272.981
-111.264 17.9968 -17.52
-117.326 -246.706 -58.4958
-62.8966 -82.3908 -56.3323
-149.584 -172.636 61.1388
-103.717 -226.422 -50.4589
-84.0517 -46.7803 -55.872
-200.888 37.5727 -266.314
-254.815 75.1405 -226.491
-101.657 -204.154 36.3572
-178.019 -151.473 56.9605
-156.65 31.6129 -30.6921
-279.819 -191.363 16.9524
-43.9649 40.0909 -171.088
-205.947 -215.142 -49.3737
-250.457 -24.5084 18.5544
-6.56583 -214.21 -133.875
-168.087 -120.747 -201.952
-140.051 -81.2121 -232.461
-72.1914 -288.519 -142.265
-141.484 -172.187 0.612534
-190.172 -34.4869 -73.424
73.4857 -19.956 29.5636
-15.2112 -169.57 -35.9949
-291.948 -81.1665 43.2133
-46.9719 -37.2735 -86.9445
-134.067 -149.489 -6.80363
26.4081 -23.2256 -233.2
-281.193 -268.926 -20.0617
-219.304 -46.7672 -14.2301
-67.218 -293.9 -292.067
-172.255 -189.722 -32.2033
48.6716 -221.886 -157.809
-27.4143 57.2532 -33.0286
-169.059 59.6551 -219.845
-231.495 -92.966 37.2323
-24.0889 67.3174 -217.906
-136.542 -11.9239 53.219
-75.3916 1.23305 78.6432
-201.103 76.2797 -73.7734
79.0174 -96.5877 -73.3231
81.3011 25.5077 31.305
-56.5516 -31.4702 103.769
79.9901 -164.534 55.3732
-58.6879 -39.2422 9.37886
15.818 23.6135 -189.237
-52.599 -106.125 -227.569
23.8456 51.6836 54.858
-28.5848 -129.357 -49.5582
-55.5908 -36.1099 -78.9279
-235.014 -62.7419 -281.165
-13.9864 -87.0903 38.693
-88.3309 -249.291 -98.4265
-90.2109 -274.95 31.39
-140.487 -39.288 -113.501
-236.758 -129.119 -195.537
-131.644 -287.368 -7.31181
-64.862 30.8282 -61.2777
-115.653 -103.406 103.715
-270.861 -264.646 -38.044
-55.4386 -205.31 -206.435
-42.2533 75.0545 0.824867
-109.21 -118.926 45.884
86.7143 85.2137 65.2839
12.4549 -160.923 -79.6535
-206.696 -103.33 85.5775
-107.883 59.3765 92.5601
-220.844 -111.135 17.7391
12.2285 67.562 -191.316
10.2944 91.0512 -161.612
-133.399 -70.0367 -72.5712
-45.4839 -217.939 -103.166
-150.308 -32.7986 72.2584
-210.074 -51.7337 51.8228
-250.439 -144.928 -214.749
-35.7425 -57.2738 -23.729
-55.8143 -270.806 -70.0018
-68.9035 -197.3 -286.786
-156.814 -290.721 75.1263
-53.7799 13.9237 60.5282
78.9584 -225.125 -115.158
-99.2622 23.7419 -38.7468
91.922 -232.216 -177.195
58.5311 -147.939 65.422
4.70453 -104.028 -185.156
84.3057 -245.42 51.9211
-45.0728 -6.88405 75.4652
-220.724 -181.437 -227.484
-213.16 -43.9005 -223.855
-243.683 -203.33 84.4192
-288.804 -230.021 -246.355
-109.611 -34.9325 71.7376
-254.008 -48.6599 -266.128
-136.852 -95.7781 -119.716
-177.08 -196.723 70.6056
-67.8847 -218.067 -280.464
-121.613 31.2109 7.00252
-151.797 104.837 -280.084
-84.9312 -213.972 -29.6339
-14.4357 -163.304 61.3867
-35.6658 -157.758 -274.283
12.3299 26.9815 -14.8653
-21.5818 67.3242 -169.175
6.6409 -175.177 29.3977
-218.725 -57.9063 -272.975
-253.769 -231.44 -196.691
-239.882 -58.7031 -271.13
61.4707 83.8501 -271.942
75.7372 -106.73 -191.563
-59.546 -226.816 -60.5164
-103.809 31.8691 76.0763
-83.7414 -61.4504 -2.59145
-204.256 -188.682 -40.9165
-79.0804 -287.69 78.2566
-155.332 -212.065 -85.299
-133.956 -171.483 -22.389
-36.2969 -117.015 -186.742
-13.076 -161.194 -208.541
9.33276 -191.106 -20.9209
-287.879 43.6986 46.6139
-54.0455 -165.759 -27.1664
-83.6184 44.8494 -194.266
-191.859 -265.056 -88.5976
61.5744 -49.7862 -81.9374
34.1817 89.2321 0.348259
-156.767 -150.374 -276.784
-284.805 -292.32 -99.4488
-177.196 -11.0456 33.7079
-91.3867 -107.362 -263.047
-217.957 -100.891 75.0017
-276.993 -260.586 -196.407
-9.80862 -49.8541 -257.207
90.2754 52.6371 -227.913
-103.972 8.56215 16.6514
-291.558 -62.9055 0.234238
3.1403 74.6783 -255.789
20.7064 84.2235 -253.758
-184.392 -198.622 29.5465
-256.333 4.34159 -183.465
-225.03 80.7349 9.99424
-255.678 98.0928 43.7586
-157.735 -17.3652 -111.745
-120.591 -32.7391 -164.757
-54.1537 -242.36 -261.844
-143.152 -239.568 -30.3995
-248.567 57.9227 -61.3707
-210.005 -27.0204 -82.7966
-169.413 82.9382 12.9317
-245.516 -279.044 -88.3761
-134.631 -209.724 -113.291
-230.286 -171.052 -120.847
-292.176 -34.4359 -243.862
-109.571 -260.677 17.7497
20.0223 -20.4805 69.7397
52.5284 -269.281 -275.477
-83.5204 -223.497 76.7957
-250.541 -139.152 -55.874
-38.9869 -14.2148 -78.5852
-131.704 34.6197 -63.2792
74.2698 -205.66 21.3469
-144.67 -141.595 -255.354
28.8332 -139.422 4.56029
79.3219 45.3581 38.2342
-8.57794 -40.269 -87.8951
-44.4873 -93.39 -62.8255
-25.6142 -282.56 8.02767
-54.4679 -238.75 -236.774
-215.991 16.6135 43.3619
-0.226059 -220.74 -27.6677
-169.155 -252.12 61.0225
-253.457 -102.44 -186.222
-214.461 -179.256 -31.2934
84.4498 -205.583 -91.5847
17.0345 80.1891 -237.503
-176.51 -69.9475 -36.5425
55.015 -201.211 -24.7521
-42.6068 38.6712 30.8482
14.9698 -282.969 -58.1876
-47.3177 11.155 15.4224
-180.635 -263.649 57.6529
-225.262 -222.756 -150.436
-117.133 -142.866 -35.3416
-254.076 -164.066 53.4253
-51.3104 -252.681 27.965
5.537 -134.84 -147.632
-136.655 -185.475 -54.4927
-267.056 66.2689 -121.471
58.1421 -24.4107 -110.09
-105.695 -177.378 -204.584
-195.922 -63.6621 -173.883
-243.918 5.42675 -102.288
-100.004 -217.356 49.1958
-240.995 -177.082 -220.519
-293.219 65.9582 -178.85
29.0961 -34.1542 -19.3397
-224.185 -276.459 89.5359
15.6725 -249.165 50.1554
-211.448 103.328 -79.9047
-27.1872 -108.017 37.0679
62.5789 -9.58814 -132.244
-216.953 40.8438 -232.466
-24.8913 -164.81 -155.472
-81.3448 -111.455 -38.2034
-7.51398 -110.323 -77.8946
-292.013 -186.877 -217.698
-17.0025 -116.712 -199.807
-33.1158 -206.688 -154.621
-88.6099 -123.786 -156.942
-274.164 -256.622 29.3914
57.2545 100.307 -85.8462
-180.638 -222.296 -150.652
-118.754 47.1631 -21.1112
20.1241 -139.831 -238.215
-123.729 -252.994 -54.1883
92.727 -250.657 53.2853
-230.621 26.6909 -169.076
-136.077 -112.074 -81.4137
3.65282 93.6663 89.1507
-258.939 -286.147 -273.121
64.8027 65.4578 -278.464
-126.693 -220.83 -206.409
17.0056 -45.234 -264.895
-109.755 -130.759 -110.376
-53.6198 39.8624 -69.0198
-213.457 26.9401 -25.3265
-265.822 90.6698 -104.285
-140.547 -151.056 77.9911
72.3898 -253.053 66.0079
55.8912 -217.642 74.2113
77.1205 -258.488 34.0198
93.0073 -90.831 -292.46
-219.051 -179.475 -43.3433
-189.596 5.12081 -279.752
-5.62162 -154.148 54.4608
-180.291 -73.2554 -24.2485
88.7331 -44.7267 -39.228
-121.201 -290.923 104.066
-148.859 75.8172 -254.636
-188.501 26.059 -177.928
-219.939 -2.46989 -142.066
-291.569 -15.112 61.4538
-289.678 60.1872 -223.67
-38.6711 -235.058 75.8008
-24.0728 53.6705 -183.997
-75.2614 -232.27 37.0981
-205.159 -249.186 -113.278
49.9631 -76.0367 -109.851
48.3797 69.4542 -139.683
88.0938 -224.696 -219.273
-195.483 -150.285 72.6073
-43.1986 -147.503 -48.1541
-87.3942 -142.831 -93.6164
-16.7141 -287.151 -34.3243
-46.5626 -16.8738 -86.3031
63.7908 -197.784 -24.2225
-4.76047 -108.593 20.942
-223.688 -164.28 -160.744
-39.188 -221.549 -196.939
-284.52 -239.105 -127.285
-209.443 -140.238 16.7806
-242.485 -289.086 -236.372
3.71117 -82.1296 -84.8523
-195.555 -204.493 -77.6532
64.4716 43.2946 -200.176
-127.481 1.43615 -103.61
-257.353 -108.974 82.1465
57.9394 -38.3112 -187.782
-208.454 -183.149 -114.981
-111.043 -173.318 -59.7359
56.0222 -88.411 94.3766
-32.8467 -36.5457 99.6412
25.1318 -138.484 -88.1378
-165.37 -39.688 1.71951
51.3271 -80.8659 -60.6353
-254.499 86.0035 -164.849
-63.7588 -276.999 20.5282
-87.2616 75.291 -123.432
19.3063 -238.812 -12.2306
-201.324 -55.5051 -291.198
33.29 -105.132 -85.2589
22.0175 -243.628 -227.454
16.0092 75.8538 -71.5874
-177.778 -195.166 -216.925
-281.708 -249.488 -3.44023
-47.9927 -209.636 -23.0862
81.5091 20.9555 -5.73451
-3.61219 -171.955 -36.0928
-232.694 -258.298 19.4451
49.4259 -165.273 -141.709
52.5779 -237.632 47.5087
-138.33 78.7359 98.2307
-71.434 -10.9043 68.4352
-248.671 -294.332 -232.38
-171.245 -281.689 -187.517
-280.335 -35.3314 -102.803
-9.0706 -59.4717 -187.497
-120.454 -168.733 -65.1017
-262.197 -107.077 -29.0499
51.5986 -163.3 100.028
-195.76 -216.371 -243.253
-253.901 -60.3513 -270.167
-261.32 -237.435 13.2793
101.466 -191.755 13.298
-236.563 -68.6499 25.9593
-129.73 -54.6342 -115.022
61.8176 -169.354 -280.143
-231.329 4.54169 -154.525
-2.07995 36.6953 32.7483
-136.779 -17.3555 -236.201
-142.401 81.2347 -158.222
-91.3036 -278.316 75.7768
-67.12 -245.285 -267.307
-159.49 -249.468 -164.712
-251.842 -191.681 60.9886
68.4679 -27.0607 -99.295
-152.203 -70.8926 25.7012
-137.995 -7.87073 -75.4066
1.8296 -115.6 -144.361
-71.0715 41.9711 -267.366
-12.9223 -206.079 -291.78
-276.794 -3.0323 -275.745
93.3333 -175.802 -226.68
-279.623 -40.9417 -181.798
-149.985 1.56701 -79.1284
-194.646 -35.6144 -211.839
0.409752 -293.467 11.6193
-79.5385 -137.112 -101.901
-260.594 -240.931 76.8495
-110.605 -17.6524 13.1711
-83.6197 -136.224 101.442
-81.0495 -118.668 -7.23917
-62.4444 -130.984 -288.69
5.22617 -116.257 -35.2816
-282.221 28.1089 -139.364
-66.9987 -272.186 -280.628
15.5132 22.574 -279.744
-78.5169 -162.614 -122.505
-286.067 -128.858 -69.0861
85.1327 54.8881 -192.388
-7.34561 -134.381 -34.2616
-11.5524 78.9199 -258.579
-124.441 -89.1739 -95.2117
-118.781 -189.597 82.882
-259.712 -177.467 5.34151
-104.725 49.8841 27.5057
-91.0027 -40.2522 -55.5697
-76.3965 -224.418 76.1669
95.4489 -216.135 -158.34
-79.2866 -236.652 -209.102
22.6759 50.3529 -49.1322
-117.235 -66.849 -75.8617
-81.4632 103.06 -270.685
-282.324 -121.37 -165.932
94.908 -86.7314 -49.0489
-5.39996 102.894 -104.814
-83.5436 -93.7586 -250.716
-244.763 -275.804 -180.784
-274.245 -286.005 -102.568
-138.235 -70.941 -44.87
-52.9861 -153.914 -100.166
-207.768 23.2008 -272.665
10.7209 -163.912 -275.254
34.3862 -151.886 -102.273
-237.195 -162.627 105.346
8.10659 -273.676 102.59
-202.357 -62.8695 -96.8179
-158.722 -13.2817 -78.2719
-45.1554 6.82351 -69.9264
-253.373 -237.061 -246.517
-3.89286 4.30353 -106.081
-209.709 90.8862 -188.529
-188.023 -4.04222 -58.0908
-168.926 -75.3053 84.3739
23.1508 -18.1498 -183.902
22.8472 -115.693 -163.228
19.788 -23.6985 68.2527
-182.679 -288.071 -50.6787
33.399 -38.8757 -149.505
-142.177 2.1015 -92.2149
-94.3431 -107.441 -193.561
93.9264 -22.7992 -208.324
-200.252 83.5282 81.9842
36.0073 -191.048 -98.9705
14.7318 -273.546 -222.77
-274.82 43.6514 -44.112
-143.698 -42.2101 -173.461
-181.095 69.4608 -167.181
62.5766 -2.78947 88.2938
-192.578 -250.616 -15.2541
9.55794 -50.6082 -228.344
-289.652 -62.3312 43.2069
-203.626 31.7668 21.0856
-227.291 -37.8753 -275.611
-31.9112 -128.793 -254.807
39.6695 -109.263 83.1944
-110.092 41.3896 -64.6651
10.7979 -245.355 -100.854
-262.032 -288.428 -209.292
-279.388 -186.655 -165.558
-0.291618 -282.746 78.1846
65.7144 -278.048 -89.796
3.27193 -187.323 -163.678
-81.2919 -120.264 92.7966
-62.553 -257.825 -141.646
-23.0099 76.1951 43.4422
-45.4649 -139.546 -20.8174
-215.779 -234.398 28.1782
-22.2825 -202.08 34.1009
62.7755 -187.117 -258.203
-208.432 -293.058 -246.599
-235.896 67.0069 -230.297
-31.3418 -35.3707 -123.27
99.33 -222.312 50.8166
86.4773 9.48549 87.3422
-160.818 -119.174 57.888
-223.025 -270.288 -187.308
50.5081 -191.717 -127.355
-26.9631 80.3508 -35.0838
-98.5116 37.4768 72.1497
-62.3644 -276.604 73.442
-14.6129 -218.15 34.7994
49.441 44.8587 -106.221
-179.478 38.5392 -34.182
-234.311 19.3672 -130.346
-252.618 -247.1 44.8306
99.6203 -175.774 68.8929
-193.337 -230.916 -228.474
-26.3409 36.4717 -253.772
-167.074 -167.689 78.0551
-200.574 64.2968 95.8015
-232.781 -55.9654 -227.998
96.3685 -112.174 -288.788
-115.501 2.69845 44.1012
-255.333 62.738 -42.1808
-91.3285 104.47 5.06971
-152.147 98.4415 -276.354
-188.904 -200.545 -212.919
-123.027 67.4648 -282.097
-82.4489 -205.259 -155.436
-110.043 -111.482 -196.788
-119.891 -49.9131 41.5965
-53.5384 -59.1941 -176.227
-47.9765 -280.345 -279.178
-109.524 -241.327 77.9107
-257.355 -38.3055 76.7317
42.0654 103.898 69.5237
60.0618 -190.656 -236.67
-258.507 -19.3324 -274.855
-246.253 -207.431 -185.763
-107.339 -23.1234 -2.89514
-9.77683 -248.664 -158.458
-73.8296 -7.85179 76.6985
44.2941 -161.478 90.7042
59.4668 23.3483 -256.273
31.7281 60.3439 -0.22773
2.81048 -3.24008 -1.97956
-33.3153 -48.8275 101.715
24.3647 -12.9841 -23.2665
43.8601 35.113 63.6533
-247.553 -177.875 -65.1195
43.9026 -293.301 -19.433
-220.204 -72.7806 -132.934
-249.155 -134.136 -0.0614624
-264.1 -180.319 -82.3626
-226.023 -254.24 -127.668
68.1 42.9211 -236.558
-39.5289 -96.0436 8.96528
-43.4631 -177.328 -109.668
-172.379 -239.118 -180.205
-214.375 -192.32 -63.7293
14.8557 -254.067 -62.6803
-110.227 -179.921 -241.11
51.1894 -134.726 -80.896
-54.5214 -104.476 33.1358
-242.533 -36.1479 73.2464
-75.8511 -73.6973 10.518
-18.0583 -218.876 -191.175
-114.742 32.0115 -74.1529
69.9398 -246.017 -18.9202
-215.914 -166.042 83.1103
14.7069 -256.835 -276.606
-153.623 -72.7117 -162.176
-100.383 -127.172 -2.55116
-286.928 -287.343 -212.676
40.5582 -235.526 45.5263
8.15508 -17.0263 -133.82
-86.9763 -140.734 -58.3457
16.1991 38.874 -131.984
-163.603 3.1645 -83.65
-288.173 81.6009 44.6588
89.2879 -9.34157 82.1738
-292.967 -268.614 -96.1873
-160.793 -74.6461 70.9915
-268.993 -67.2238 77.9993
-187.319 -132.315 -263.176
-247.442 -229.809 14.1485
-86.9122 -22.4352 -232.235
-250.907 -111.886 100.99
-88.5406 18.8616 -1.49522
-277.84 25.0392 -25.5438
61.1691 8.67767 -140.535
37.6935 10.0609 -114.798
-164.143 -256.381 104.906
-198.801 -231.024 -67.967
-226.451 -123.993 94.0683
-195.276 -77.0845 -241.39
-286.777 -269.646 30.5249
-224.662 -226.203 -187.01
-229.321 -20.3934 -273.798
63.5337 -3.88295 45.5918
-67.6594 -48.3632 -51.3799
86.1562 -116.319 -146.968
-134.291 13.8881 -108.999
-135.035 -290.562 -45.6729
91.3488 -222.663 -275.315
79.7677 -123.589 -58.0493
-267.272 -116.016 -33.345
57.6033 -46.3272 34.8022
-235.056 18.7018 -91.2406
-214.504 -23.4139 -200.773
-274.561 -196.723 45.2143
-31.5906 -216.216 -176.754
-284.208 -56.1568 -268.515
-98.8573 103.159 -264.727
-250.18 88.8583 -193.04
-231.144 62.9766 -22.2787
5.15682 90.055 -243.944
-133.838 42.0089 4.07925
-204.685 101.303 -82.8683
-1.57523 -218.85 -211.931
92.0023 -199.061 -114.304
31.5672 63.6992 -36.1693
-250.836 73.8413 -197.976
-225.001 -130.665 -200.466
-195.378 -86.4946 -217.257
-94.0679 -23.2885 -259.93
-221.996 -123.781 -275.524
-171.59 36.7315 60.8352
-273.16 -273.603 56.489
-61.6776 19.1724 -268.01
20.7411 5.52528 -172.72
-199.212 -68.5569 -214.67
58.969 -25.0427 -246.479
-244.656 44.3063 -82.7936
-150.771 -256.721 -274.938
-73.6781 -56.4389 -3.87589
-39.2574 15.9156 -233.306
-20.4311 -261.323 97.7754
-65.2453 -240.133 -281.477
-114.406 -7.45985 32.0459
-88.0655 -92.3681 -68.0781
33.5646 2.7702 -242.284
-286.755 -43.9102 27.0232
-238.883 5.78432 -34.3199
-27.3268 -250.637 3.30917
-7.91407 -29.9643 -158.779
-117.439 -174.871 -248.513
-56.3954 99.0481 -215.486
-64.2694 -71.8466 -161.268
-51.3959 -291.902 -274.377
-124.999 -85.6167 -72.3949
101.273 -157.702 -175.274
-246.661 -150.106 75.1661
74.7127 -94.6394 -24.699
-65.2565 -227.616 19.0149
-167.597 58.8207 -116.599
-32.0254 -164.268 2.88046
13.8122 73.6869 -3.72067
92.6767 -96.2319 -181.217
-174.241 -253.277 -178.768
-154.267 -83.926 29.9658
67.688 -88.3025 -233.385
-213.235 -40.6129 -89.141
-243.719 -71.5495 -289.43
25.9324 -242.456 -222.695
-60.702 -115.702 -269.524
-282.95 -253.377 -139.441
14.2807 54.7859 -171.404
-95.0895 41.8132 26.7146
18.0443 -238.077 67.7879
-266.373 -97.9939 -121.788
57.9433 -135.955 84.2603
-281.091 -54.8404 -62.0019
-75.8818 -4.20893 -239.201
-70.9612 -83.9258 -187.306
0.693993 -250.277 -8.65732
25.5206 -238.877 32.3164
-219.57 69.754 -18.5471
-96.6236 -130.985 -82.3833
-175.558 -218.59 -26.1097
-213.42 -190.612 -229.753
-40.857 -238.318 -71.3579
-62.2458 -225.059 -231.848
-229.897 -6.59058 58.2937
-174.748 -183.201 -131.281
-67.7033 -288.157 -87.2081
-182.01 31.7145 -31.7347
-255.343 -293.505 -67.6301
20.4603 -95.7784 95.7354
-167.572 23.0136 -228.504
100.668 103.944 -124.766
-234.734 -42.5623 -68.7339
-11.7417 -210.458 0.557335
50.7608 -146.005 -111.683
3.40524 -26.402 -0.533485
-233.525 -199.755 5.66032
-26.3832 -87.4143 -68.2747
-163.767 -48.4069 -67.4295
62.953 -133.596 -268.857
53.0391 -6.81806 48.5066
-281.114 -11.7993 46.8014
-111.53 47.8169 -101.41
-285.913 -69.5741 -17.5176
8.99495 -124.463 -269.172
-208.337 -226.707 -1.22324
85.4798 -165.882 93.3725
-14.5092 102.085 -99.6912
-188.433 -167.331 -253.747
38.4874 -210.028 -92.993
63.9804 -262.638 -205.461
6.83776 -249.402 77.0905
-52.0104 -66.5811 19.2581
-259.07 -58.1435 -155.965
17.7625 -154.798 13.9223
42.9413 -68.7846 81.566
-63.9314 -88.9541 -189.965
-76.2082 -209.113 -193.529
-281.549 -103.196 -66.5104
-240.946 -170.358 17.8122
-39.5885 -212.027 49.5244
49.3014 89.1614 94.4728
20.7425 -68.4984 -77.7576
-65.6487 -33.2181 -241.55
72.7362 -121.105 -101.998
-18.9907 -183.813 -276.432
-43.0743 46.6059 -71.0358
61.3109 -135.252 14.2018
-237.868 -122.45 -194.644
-10.0278 -69.0454 -70.651
-97.865 -214.283 11.6727
-153.99 -270.631 -4.81534
-165.167 44.4616 -178.963
51.4261 -126.836 82.1691
104.226 -159.75 -144.585
-103.421 -284.39 -34.0479
-85.503 -33.1135 -93.0912
-262.188 -77.4519 66.0076
46.3639 -20.9693 -162.092
-253.929 -136.646 63.2132
-30.2295 59.839 -256.719
-124.206 -199.8 -233
-234.671 -70.6166 -294.188
-119.284 -124.84 -126.674
-142.764 -126.263 7.92663
7.00112 64.6657 17.8874
-132.696 -126.487 -120.875
68.5629 -94.3245 96.023
28.921 -153.61 -30.5956
-238.82 -113.189 -272.891
-281.256 -249.068 81.2979
-243.625 -78.9233 -224.152
-182.275 -19.244 -0.418213
-182.113 -244.177 -230.908
-14.4371 -92.5908 -62.8204
-112.16 -191.239 -103.804
-199.922 -29.5849 64.0597
-26.447 -66.6713 -135.914
-36.0733 -143.4 4.82626
-172.318 -87.8693 -214.012
-150.86 -74.7752 -168.729
-175.211 -24.0504 46.6983
-105.013 88.0245 -78.195
-211.08 -199.738 -28.0218
-147.637 80.1753 -226.262
83.8927 -137.634 -123.151
-125.561 -43.2053 -258.385
-167.15 -175.302 -30.7058
-8.71402 82.9754 -279.755
-109.537 -194.992 -73.2738
-29.1984 -51.5016 -253.698
96.4233 67.6378 16.6015
37.4721 -143.024 -1.02322
-146.372 -59.7541 93.589
-280.043 86.959 68.115
-211.955 65.2023 -175.168
-40.7553 -166.008 75.9768
-4.7899 -38.8077 -204.974
-141.145 -153.171 -227.648
-126.55 31.6421 -128.29
94.527 -103.206 -285.441
-264.821 -112.432 76.547
46.1311 -180.609 -172.127
-60.5417 -32.6307 62.4697
-72.602 -18.3238 43.7793
-110.136 64.0715 3.33218
9.04579 -82.3331 -268.325
-20.6267 -192.772 -12.7823
68.7494 -39.5671 -271.603
-264.548 -271.766 54.3898
-98.4882 -282.888 -154.465
-89.579 -253.359 27.4533
-118.681 87.1224 -258.805
3.54229 -79.0687 2.91464
-39.6374 -257.32 -121.059
-101.507 -73.106 -162.636
-203.825 -169.71 49.3808
-177.799 104.014 -249.041
103.769 67.1142 5.74246
-273.483 96.9163 28.3267
75.2566 -107.221 39.7886
-184.858 97.5502 80.78
-263.054 -126.781 62.253
-227.509 -228.888 -122.465
69.7563 25.8253 -85.4347
-156.952 -181.332 -264.19
-25.2377 -90.806 -139.549
-81.5062 25.745 -141.184
-36.1967 23.8644 -179.72
-136.104 44.7313 -188.453
-213.426 14.3386 -1.3234
-279.287 -276.169 -9.42262
95.8431 -244.872 -241.853
52.4465 -178.031 -176.39
-175.668 -213.924 -256.214
33.2479 -76.525 -143.195
63.4084 -207.412 60.3491
-181.79 5.43224 -19.5553
-28.624 -136.414 -101.34
86.0068 21.8328 -162.258
-208.095 102.757 -253.569
84.9318 -282.18 -235.388
-30.1402 -291.986 -185.91
22.3575 54.8108 -69.5899
-259.682 -226.506 10.8368
-221.546 101.092 -171.338
-70.3905 58.8509 -84.3991
-115.691 -228.589 -184.616
-240.896 37.1378 -26.6797
-47.8855 17.4952 -110.496
84.2066 103.75 -113.389
-275.012 83.0329 -101.218
-216.049 -52.7568 -98.8543
-107.608 -136.049 -149.693
-282.848 -101.38 -81.8489
22.3395 -28.5753 -86.4064
-254.647 -204.615 -133.205
-44.6962 -25.9556 -67.443
65.0379 27.4992 -135.954
-67.2912 -126.036 -224.109
-283.437 -147.478 -226.008
-102.475 -128.14 -248.624
90.6564 -49.8388 -7.03056
-113.847 -263.096 -248.729
30.8101 -251.594 -55.7584
-156.688 65.0962 -189.983
51.2558 104.799 -100.248
-187.598 -45.5463 -231.853
39.3091 -86.1578 89.9968
-202.295 -259.098 -141.688
-132.053 -248.185 5.1838
-63.7101 -56.3099 -228.606
-17.9839 -71.3029 15.9059
-130.664 -290.8 47.1598
-85.042 34.3609 89.9164
-246.45 -227.977 49.3633
-142.082 -282.37 48.5132
52.02 -175.618 -102.683
-285.482 -241.959 105.51
98.865 -149.903 -259.238
-148.473 12.3944 -213.072
-248.938 -156.965 24.9684
-183.194 -280.598 -151.984
-272.937 -116.912 -148.433
68.5733 92.3968 -219.722
52.8403 -259.702 -153.348
-3.44571 -107.435 -141.368
-60.5818 -161.064 -22.6358
-268.914 -152.196 29.756
-269.053 -158.98 -225.796
-233.941 -13.1023 80.9483
-152.662 32.3099 -181.666
-233.343 -256.533 -167.914
-90.9768 -235.12 9.52486
54.9405 -272.196 -3.72781
-270.431 74.995 30.9202
-129.428 -34.1002 -182.164
23.5546 -200.332 -48.8771
-104.731 -174.895 93.2776
-180.624 -149.598 -171.352
-112.07 -89.188 -290.104
-136.771 52.5001 36.5567
-24.0868 -286.493 74.3741
102.35 -83.119 -266.395
6.22509 -133.828 -244.24
-103.152 -109.908 -274.895
-177.881 55.0143 -14.6446
-65.6947 -27.0804 79.3742
-220.221 -237.46 -201.17
-232.593 -123.734 -56.4177
-109.595 58.5463 -251.255
-105.348 -183.874 95.5953
-174.44 86.3894 103.453
-205.716 83.0897 -85.3151
-177.76 -16.3347 75.2072
-127.65 -225.136 -140.35
-108.195 -108.667 -190.985
-228.489 -280.011 76.2848
-254.764 -205.882 -266.825
-161.584 -144.125 -96.2086
76.349 40.631 -143.312
-280.555 -170.366 -32.8357
-290.609 -50.4561 -52.0958
-292.806 38.1786 -74.6555
-83.7704 -245.231 -196.64
-114.213 -78.5311 -127.425
39.7877 -292.375 58.2578
-256.847 -226.514 72.5969
-286.211 -186.927 -238.935
-258.686 -54.1603 -88.7092
-60.5443 -83.4607 -153.728
90.4942 -69.6657 -29.7433
-47.9909 -65.9248 -185.849
-205.736 -64.38 -253.32
13.959 -253.8 -204.2
-288.33 -73.6619 11.619
-121.405 -139.524 13.5941
-168.797 -102.02 81.4309
-201.849 -93.8811 -211.146
-146.433 -58.2168 29.0446
59.2077 -224.41 -160.066
-200.169 -239.566 64.619
64.4379 6.79399 -106.955
-227.06 95.4085 -276.985
-186.029 3.71806 -236.434
-95.8794 9.73847 -15.7455
-189.91 -217.316 -260.918
-281.965 -91.7622 -68.5882
93.8164 0.73925 -268.119
-222.979 -251.343 -31.985
100.416 102.215 37.955
-165.299 -203.604 92.7397
-206.329 -244.815 -6.11558
-18.9336 -177.525 -16.3565
-1.56781 -69.2043 -118.288
56.3487 -270.733 -214.199
-65.0463 -166.292 -137.164
-31.6144 -153.907 65.424
-205.852 -165.74 -39.4861
-179.62 -94.3682 3.52079
82.745 -99.6012 0.0860214
15.0506 29.4507 90.8325
2.14098 -282.528 -259.632
-109.624 -7.11082 -142.807
-231.63 -114.328 82.3391
-55.5673 -163.629 -294.043
24.5843 65.6754 -165.985
-218.229 -71.5883 -25.5419
-258.455 16.9101 103.068
-3.59046 -268.36 -96.9492
-105.719 -291.264 97.7999
-211.282 18.137 21.6012
-226.099 -85.3715 33.4241
-191.381 99.3549 -79.3362
-39.8377 -237.924 100.686
-63.148 0.858749 -168.592
-62.8409 -80.2064 -208.566
65.5241 -4.08537 14.1963
-65.6672 31.8103 -74.543
-68.2482 -77.4296 -48.5524
-270.847 -288.798 -45.4659
-278.696 -205.73 -132.978
37.2553 -137.479 76.0008
-34.9702 -34.5095 69.7064
-219.956 -179.997 -273.867
-224.919 51.2058 21.3418
-99.1602 -117.285 -164.514
-13.3756 -157.41 -274.249
-104.829 71.2733 51.9121
-285.021 -102.624 -131.167
-39.2231 -79.1208 -125.614
-190.338 -63.4669 -36.9939
-28.9662 -131.861 -280.122
-58.6149 -272.48 -20.2812
-94.558 -198.086 94.0725
-74.0748 -128.654 39.6288
-158.382 66.5359 -183.305
-28.546 -52.489 -46.3644
-8.44419 -262.967 -80.7404
-62.1815 -253.638 -289.014
101.002 1.48954 -73.7846
-130.262 105.502 -242.901
-272.905 -29.1141 -80.4115
-258.677 -193.378 -58.5416
