2.26525e+06 2.25007e+06 25.9379
1.50003e+06 11033.6 283.59
2.18395e+06 2.21037e+06 4.08207
2.17104e+06 1.16385e+06 338.964
2.1436e+06 1.19466e+06 24.2359
1.1373e+06 1.71952e+06 246.402
1.29083e+06 1.61833e+06 202.576
863623 1.68502e+06 355.284
2.16077e+06 7594.51 172.232
1.78359e+06 962335 56.2218
1.41443e+06 505791 279.341
1.61359e+06 1.55678e+06 367.648
2.12696e+06 529474 252.33
627902 1.2908e+06 187.778
1.47406e+06 654522 93.9729
2.06513e+06 1.59278e+06 184.246
1.73234e+06 496110 388.096
530862 650155 177.706
1.37782e+06 23777 159.904
1.97376e+06 597559 164.71
1.39616e+06 590003 137.704
640999 573695 199.867
2.27868e+06 1.84755e+06 77.8781
1.94944e+06 1.3897e+06 153.525
950322 760307 311.606
2.47094e+06 1.76098e+06 175.903
2.31793e+06 2.33776e+06 393.574
944580 1.78295e+06 86.8873
448480 1.33514e+06 89.3004
713830 1.10225e+06 365.027
1.45534e+06 2.18723e+06 108.349
235220 2.14691e+06 386.581
1.53282e+06 1.11644e+06 303.069
1.79143e+06 271032 38.2145
643637 1.33948e+06 30.0111
2.10878e+06 1.46776e+06 216.07
412011 918344 312.511
1.42696e+06 1.88341e+06 286.901
728470 1.87519e+06 114.833
750547 2.19679e+06 223.575
683082 1.3675e+06 341.063
872290 640795 137.495
1.42705e+06 2.46172e+06 188.681
1.85742e+06 390209 320.687
428662 1.30412e+06 90.8206
992635 2.15291e+06 137.383
447173 842583 388.66
864574 82812.8 205.435
2.2734e+06 1.94278e+06 31.708
2.0543e+06 1.47763e+06 217.425
1.62443e+06 1.70664e+06 399.198
271253 2.18171e+06 252.631
183030 2.24907e+06 96.422
960397 1.80975e+06 67.8426
340681 1.33634e+06 371.297
1.64787e+06 2.40906e+06 321.663
2.38122e+06 1.52289e+06 305.006
926455 865509 186.881
1.48947e+06 483266 368.503
840535 2.0046e+06 101.15
612357 562760 144.756
199310 1.26044e+06 251.846
840843 651637 142.777
1.61189e+06 1.76699e+06 34.586
1.57051e+06 2.0636e+06 316.672
1.15608e+06 2.14785e+06 355.699
823853 119175 263.073
2.26175e+06 1.08948e+06 215.682
836599 2.48704e+06 65.1972
1.83277e+06 309957 182.521
1.00731e+06 1.50407e+06 359.319
608446 1.45952e+06 128.468
1.97624e+06 337378 381.885
1.03755e+06 806219 271.541
326346 2.28428e+06 395.909
699397 1.62829e+06 168.053
1.44189e+06 2.196e+06 266.025
1.36397e+06 1.12584e+06 185.683
494795 1.12571e+06 45.7704
955828 1.53795e+06 17.9188
1.34441e+06 1.13815e+06 268.036
924824 1.41068e+06 142.99
2.08896e+06 2.17926e+06 92.6984
1.44973e+06 214372 338.472
2.34777e+06 1.33185e+06 200.663
822662 1.31038e+06 284.765
2.23815e+06 2.06417e+06 262.164
1.97417e+06 1.81307e+06 3.96948
1.82329e+06 1.12929e+06 148.895
285022 323707 9.71189
754322 125680 278.015
1.46394e+06 329323 47.2259
2.02704e+06 2.00349e+06 303.34
1.21209e+06 2.34224e+06 125.528
1.54878e+06 172412 280.036
2.30377e+06 697475 98.5951
709871 1.76526e+06 232.837
704753 792387 39.3087
240259 788231 161.631
685745 2.42946e+06 252.563
