1094.28 1974.34 328.641
1031.12 1426.29 1314.42
1384.47 1358.06 2295.36
2120.05 1100.87 1907.7
1814.45 756.713 893.703
2041.32 1365.59 2187.52
1513.58 2448.62 1696.25
437.683 2219.52 443.577
1686.55 800.717 2042.6
1745.6 1075.13 2362.15
1276.82 2396.74 366.134
1039.06 106.03 1798.93
1654.39 1245.82 333.167
1975.27 1151.08 532.781
2324.06 2388.9 1272.6
1608.64 1549.94 1225.94
1607.09 2130.62 1471.91
1162.51 1565.25 707.502
2109.83 160.077 1320.29
2095.44 1851.84 296.897
1553.4 960.672 1166.92
481.109 1022.1 2426
171.593 2370.57 715.804
431.73 2414.79 2405.53
1339.06 820.084 1799.87
386.936 581.334 1137.32
137.509 1294.18 652.656
1814.86 194.509 2228.38
2112.58 2284.29 1916.5
811.292 1622.06 1841.81
1565.79 2373.53 2327.52
247.748 2405.79 62.3781
2099.03 1529.75 663.778
1303.02 1616.25 2166.92
1394.45 2307.46 1646.5
10.5836 1704.23 2063.93
1394.51 989.657 1740.29
871.523 1413.57 2389.97
942.738 9.90744 1839.45
1398.34 968.69 1288.15
2301.56 1425.12 2269.1
300.219 1977.66 2411.8
2060.44 926.588 787.671
988.81 1316.75 1867.85
222.076 1102.66 536.003
1639.06 178.642 1282.8
680.741 2334.59 1120.52
1001.16 805.538 360.907
1436.86 498.23 1177.77
2318.69 2168.65 2181.57
396.72 1807.81 2094.53
377.825 2228.12 1019.28
1950.87 871.042 2211.45
79.8343 648.298 2447.81
1143.04 944.467 1717.57
662.928 447.369 2351.94
1834.34 604.757 960.027
1041.18 352.8 2355.1
59.6993 989.556 2167.51
2286.25 1213.23 970.394
87.0347 292.094 2134.52
1899.21 384.998 921.744
826.067 417.61 2400.27
1961.7 947.421 205.055
2146.81 1927.88 2414.52
1374.99 2424.01 2228.64
2092.91 1134.49 1545.95
1648.9 1669.93 78.0515
961.778 1382.1 302.099
996.545 312.192 1935.23
722.407 995.216 240.399
223.489 27.3812 1858.97
1094.55 2044.28 989.446
2316.9 1265.25 1171.99
459.599 2339.03 1147.65
406.889 1031.24 1408.98
210.097 194.766 1275.83
181.714 1614.91 636.39
408.578 489.29 1291.32
39.4441 933.163 303.03
844.96 2051.73 1704.46
2339.95 861.686 1893.22
1618.86 610.822 2073.2
1821.51 979.701 388.218
23.8087 1464.66 822.721
1338.36 2106.85 143.551
755.424 2182.79 355.606
1079.37 2361.78 1942.98
478.852 2351.59 1211.08
415.576 529.72 827.034
876.313 1773.49 1483.65
826.159 1128.82 340.781
2054.05 1785.85 822.306
2229.41 836.667 742.606
43.0456 1129.12 930.179
1732.19 1187.47 2114.79
1034.47 2387 762.371
269.765 2009.78 1584.67
356.428 601.532 213.162
624.552 611.705 2290.44
